(-10, 90): (19.2, 130),
(-10, 91): (18.1, 131),
(-10, 92): (17.6, 139),
(-10, 93): (16.4, 147),
(-10, 94): (15.4, 147),
(-10, 95): (15.3, 141),
(-10, 96): (13.2, 145),
(-10, 97): (13.0, 129),
(-10, 98): (18.5, 117),
(-10, 99): (17.9, 115),
(-10, 100): (17.3, 135),
(-10, 101): (19.9, 139),
(-10, 102): (22.9, 127),
(-10, 103): (21.5, 130),
(-10, 104): (24.4, 127),
(-10, 105): (19.1, 126),
(-10, 106): (16.4, 128),
(-10, 107): (17.3, 144),
(-10, 108): (14.5, 150),
(-10, 109): (19.2, 150),
(-10, 110): (21.0, 149),
(-10, 111): (18.0, 147),
(-10, 112): (8.9, 137),
(-10, 113): (7.6, 155),
(-10, 114): (9.0, 185),
(-10, 115): (9.4, 198),
(-10, 116): (9.7, 207),
(-10, 117): (9.8, 208),
(-10, 118): (6.6, 202),
(-10, 119): (2.3, 129),
(-10, 120): (4.3, 114),
(-10, 121): (7.7, 143),
(-10, 122): (10.9, 163),
(-10, 123): (13.3, 147),
(-10, 124): (5.9, 128),
(-10, 125): (4.2, 31),
(-10, 126): (6.1, 135),
(-10, 127): (10.5, 149),
(-10, 128): (11.3, 149),
(-10, 129): (11.8, 128),
(-9, 90): (20.9, 132),
(-9, 91): (17.6, 137),
(-9, 92): (14.5, 153),
(-9, 93): (12.9, 150),
(-9, 94): (13.0, 146),
(-9, 95): (11.8, 149),
(-9, 96): (11.6, 144),
(-9, 97): (11.3, 143),
(-9, 98): (13.2, 133),
(-9, 99): (17.1, 131),
(-9, 100): (18.9, 138),
(-9, 101): (18.1, 136),
(-9, 102): (18.0, 119),
(-9, 103): (18.7, 118),
(-9, 104): (20.5, 121),
(-9, 105): (18.9, 125),
(-9, 106): (19.6, 131),
(-9, 107): (14.8, 146),
(-9, 108): (15.8, 153),
(-9, 109): (22.6, 143),
(-9, 110): (11.9, 125),
(-9, 111): (2.6, 164),
(-9, 112): (4.0, 297),
(-9, 113): (8.7, 294),
(-9, 114): (8.4, 277),
(-9, 115): (9.1, 261),
(-9, 116): (8.9, 249),
(-9, 117): (5.1, 278),
(-9, 118): (13.2, 241),
(-9, 119): (10.1, 266),
(-9, 120): (6.0, 123),
(-9, 121): (3.6, 180),
(-9, 122): (7.4, 194),
(-9, 123): (12.9, 216),
(-9, 124): (2.2, 261),
(-9, 125): (5.1, 225),
(-9, 126): (1.8, 127),
(-9, 127): (7.4, 223),
(-9, 128): (15.9, 155),
(-9, 129): (17.1, 138),
(-8, 90): (21.6, 136),
(-8, 91): (20.1, 144),
(-8, 92): (18.4, 154),
(-8, 93): (17.4, 153),
(-8, 94): (14.5, 145),
(-8, 95): (11.9, 145),
(-8, 96): (11.0, 142),
(-8, 97): (8.7, 120),
(-8, 98): (6.5, 90),
(-8, 99): (7.9, 93),
(-8, 100): (14.3, 155),
(-8, 101): (19.4, 137),
(-8, 102): (27.8, 143),
(-8, 103): (26.4, 114),
(-8, 104): (27.6, 105),
(-8, 105): (18.6, 105),
(-8, 106): (12.3, 105),
(-8, 107): (5.4, 98),
(-8, 108): (14.9, 255),
(-8, 109): (24.2, 247),
(-8, 110): (13.6, 328),
(-8, 111): (3.6, 127),
(-8, 112): (4.1, 218),
(-8, 113): (5.5, 247),
(-8, 114): (5.4, 217),
(-8, 115): (6.9, 231),
(-8, 116): (10.1, 178),
(-8, 117): (5.6, 207),
(-8, 118): (9.2, 259),
(-8, 119): (4.6, 225),
(-8, 120): (8.9, 223),
(-8, 121): (6.8, 252),
(-8, 122): (9.0, 217),
(-8, 123): (9.5, 209),
(-8, 124): (10.2, 203),
(-8, 125): (6.2, 291),
(-8, 126): (9.2, 138),
(-8, 127): (10.8, 180),
(-8, 128): (14.7, 158),
(-8, 129): (18.9, 132),
(-7, 90): (21.0, 142),
(-7, 91): (20.1, 153),
(-7, 92): (17.7, 147),
(-7, 93): (12.2, 146),
(-7, 94): (10.4, 146),
(-7, 95): (11.9, 125),
(-7, 96): (13.2, 119),
(-7, 97): (11.0, 113),
(-7, 98): (10.5, 117),
(-7, 99): (6.6, 119),
(-7, 100): (11.4, 169),
(-7, 101): (19.9, 174),
(-7, 102): (15.6, 188),
(-7, 103): (7.6, 5),
(-7, 104): (13.8, 354),
(-7, 105): (12.2, 341),
(-7, 106): (1.8, 360),
(-7, 107): (1.8, 53),
(-7, 108): (2.4, 243),
(-7, 109): (5.2, 196),
(-7, 110): (6.2, 97),
(-7, 111): (4.4, 171),
(-7, 112): (3.3, 221),
(-7, 113): (6.6, 279),
(-7, 114): (6.3, 283),
(-7, 115): (11.7, 259),
(-7, 116): (11.2, 255),
(-7, 117): (14.8, 252),
(-7, 118): (15.1, 258),
(-7, 119): (13.8, 264),
(-7, 120): (15.2, 248),
(-7, 121): (15.0, 240),
(-7, 122): (15.0, 226),
(-7, 123): (13.3, 213),
(-7, 124): (11.4, 204),
(-7, 125): (10.3, 209),
(-7, 126): (8.0, 216),
(-7, 127): (24.4, 158),
(-7, 128): (20.1, 156),
(-7, 129): (18.2, 146),
(-6, 90): (17.3, 159),
(-6, 91): (16.6, 158),
(-6, 92): (13.1, 159),
(-6, 93): (10.3, 151),
(-6, 94): (8.5, 126),
(-6, 95): (10.8, 105),
(-6, 96): (10.8, 120),
(-6, 97): (6.8, 115),
(-6, 98): (4.0, 117),
(-6, 99): (8.9, 140),
(-6, 100): (10.4, 200),
(-6, 101): (22.4, 225),
(-6, 102): (30.8, 247),
(-6, 103): (34.1, 295),
(-6, 104): (38.2, 318),
(-6, 105): (28.3, 296),
(-6, 106): (15.8, 204),
(-6, 107): (16.0, 234),
(-6, 108): (6.3, 193),
(-6, 109): (5.9, 166),
(-6, 110): (9.2, 244),
(-6, 111): (3.4, 252),
(-6, 112): (13.5, 254),
(-6, 113): (23.8, 274),
(-6, 114): (23.2, 283),
(-6, 115): (21.7, 289),
(-6, 116): (18.4, 269),
(-6, 117): (19.2, 257),
(-6, 118): (18.9, 256),
(-6, 119): (17.0, 266),
(-6, 120): (20.5, 268),
(-6, 121): (17.9, 232),
(-6, 122): (18.6, 226),
(-6, 123): (16.6, 219),
(-6, 124): (15.9, 198),
(-6, 125): (13.8, 195),
(-6, 126): (12.6, 177),
(-6, 127): (16.6, 162),
(-6, 128): (18.3, 160),
(-6, 129): (17.4, 146),
(-5, 90): (15.5, 202),
(-5, 91): (15.6, 188),
(-5, 92): (14.8, 180),
(-5, 93): (13.4, 172),
(-5, 94): (6.1, 180),
(-5, 95): (4.9, 17),
(-5, 96): (1.8, 281),
(-5, 97): (2.2, 270),
(-5, 98): (1.0, 315),
(-5, 99): (5.0, 270),
(-5, 100): (12.1, 253),
(-5, 101): (18.1, 263),
(-5, 102): (25.2, 284),
(-5, 103): (31.1, 313),
(-5, 104): (23.0, 310),
(-5, 105): (1.3, 326),
(-5, 106): (12.4, 210),
(-5, 107): (20.8, 217),
(-5, 108): (22.2, 234),
(-5, 109): (18.3, 254),
(-5, 110): (13.7, 273),
(-5, 111): (15.5, 282),
(-5, 112): (16.6, 272),
(-5, 113): (19.7, 279),
(-5, 114): (20.8, 280),
(-5, 115): (20.4, 279),
(-5, 116): (18.4, 267),
(-5, 117): (19.5, 251),
(-5, 118): (16.0, 247),
(-5, 119): (12.4, 240),
(-5, 120): (10.4, 250),
(-5, 121): (11.7, 236),
(-5, 122): (14.6, 260),
(-5, 123): (9.9, 226),
(-5, 124): (19.7, 201),
(-5, 125): (16.7, 187),
(-5, 126): (14.4, 176),
(-5, 127): (13.7, 185),
(-5, 128): (16.0, 166),
(-5, 129): (17.6, 165),
(-4, 90): (24.6, 218),
(-4, 91): (27.4, 218),
(-4, 92): (26.3, 221),
(-4, 93): (23.8, 232),
(-4, 94): (20.0, 252),
(-4, 95): (19.5, 268),
(-4, 96): (16.2, 266),
(-4, 97): (15.5, 271),
(-4, 98): (13.0, 268),
(-4, 99): (12.3, 273),
(-4, 100): (16.7, 284),
(-4, 101): (19.0, 303),
(-4, 102): (23.7, 316),
(-4, 103): (3.7, 241),
(-4, 104): (2.3, 219),
(-4, 105): (3.2, 63),
(-4, 106): (4.7, 184),
(-4, 107): (12.7, 205),
(-4, 108): (12.2, 225),
(-4, 109): (14.7, 242),
(-4, 110): (15.0, 259),
(-4, 111): (16.2, 274),
(-4, 112): (18.6, 285),
(-4, 113): (20.3, 287),
(-4, 114): (19.1, 281),
(-4, 115): (9.4, 313),
(-4, 116): (19.5, 267),
(-4, 117): (21.7, 246),
(-4, 118): (15.0, 226),
(-4, 119): (9.0, 217),
(-4, 120): (8.9, 297),
(-4, 121): (5.5, 157),
(-4, 122): (8.1, 225),
(-4, 123): (11.7, 225),
(-4, 124): (20.6, 192),
(-4, 125): (18.7, 179),
(-4, 126): (13.6, 163),
(-4, 127): (10.6, 235),
(-4, 128): (13.1, 196),
(-4, 129): (10.8, 180),
(-3, 90): (33.8, 234),
(-3, 91): (34.9, 239),
(-3, 92): (35.0, 246),
(-3, 93): (35.5, 252),
(-3, 94): (31.8, 260),
(-3, 95): (28.4, 269),
(-3, 96): (24.1, 270),
(-3, 97): (22.0, 270),
(-3, 98): (21.6, 266),
(-3, 99): (18.4, 267),
(-3, 100): (15.2, 284),
(-3, 101): (20.3, 333),
(-3, 102): (2.3, 321),
(-3, 103): (2.5, 278),
(-3, 104): (2.6, 106),
(-3, 105): (2.9, 97),
(-3, 106): (1.9, 292),
(-3, 107): (5.3, 242),
(-3, 108): (1.8, 307),
(-3, 109): (11.5, 270),
(-3, 110): (15.2, 275),
(-3, 111): (9.4, 302),
(-3, 112): (7.9, 294),
(-3, 113): (6.9, 298),
(-3, 114): (6.6, 299),
(-3, 115): (4.3, 294),
(-3, 116): (2.9, 180),
(-3, 117): (21.4, 228),
(-3, 118): (16.0, 211),
(-3, 119): (6.9, 171),
(-3, 120): (6.2, 216),
(-3, 121): (12.5, 258),
(-3, 122): (3.0, 256),
(-3, 123): (24.6, 201),
(-3, 124): (22.1, 186),
(-3, 125): (21.3, 185),
(-3, 126): (29.0, 197),
(-3, 127): (1.6, 27),
(-3, 128): (10.5, 186),
(-3, 129): (7.4, 223),
(-2, 90): (33.3, 242),
(-2, 91): (34.6, 242),
(-2, 92): (34.3, 246),
(-2, 93): (31.4, 252),
(-2, 94): (29.9, 257),
(-2, 95): (28.1, 260),
(-2, 96): (24.2, 266),
(-2, 97): (22.0, 268),
(-2, 98): (22.1, 263),
(-2, 99): (13.8, 264),
(-2, 100): (6.6, 292),
(-2, 101): (5.8, 4),
(-2, 102): (4.6, 288),
(-2, 103): (2.6, 34),
(-2, 104): (1.0, 45),
(-2, 105): (3.7, 11),
(-2, 106): (2.2, 351),
(-2, 107): (4.2, 301),
(-2, 108): (5.1, 262),
(-2, 109): (9.0, 270),
(-2, 110): (7.0, 282),
(-2, 111): (2.5, 352),
(-2, 112): (3.1, 306),
(-2, 113): (6.6, 261),
(-2, 114): (5.2, 258),
(-2, 115): (4.2, 239),
(-2, 116): (5.2, 258),
(-2, 117): (13.4, 256),
(-2, 118): (16.7, 217),
(-2, 119): (19.6, 212),
(-2, 120): (5.1, 225),
(-2, 121): (3.7, 11),
(-2, 122): (3.4, 342),
(-2, 123): (11.2, 195),
(-2, 124): (14.8, 198),
(-2, 125): (13.9, 245),
(-2, 126): (19.2, 214),
(-2, 127): (12.7, 172),
(-2, 128): (19.8, 207),
(-2, 129): (11.2, 195),
(-1, 90): (32.9, 252),
(-1, 91): (32.1, 252),
(-1, 92): (33.4, 252),
(-1, 93): (33.1, 251),
(-1, 94): (30.2, 253),
(-1, 95): (28.4, 258),
(-1, 96): (24.2, 265),
(-1, 97): (23.1, 267),
(-1, 98): (20.2, 265),
(-1, 99): (2.8, 230),
(-1, 100): (3.8, 131),
(-1, 101): (1.6, 243),
(-1, 102): (1.3, 304),
(-1, 103): (2.5, 270),
(-1, 104): (4.2, 59),
(-1, 105): (4.3, 355),
(-1, 106): (4.4, 305),
(-1, 107): (2.3, 309),
(-1, 108): (2.5, 262),
(-1, 109): (7.6, 289),
(-1, 110): (3.2, 27),
(-1, 111): (2.6, 34),
(-1, 112): (2.1, 329),
(-1, 113): (2.1, 31),
(-1, 114): (5.8, 248),
(-1, 115): (6.9, 227),
(-1, 116): (7.8, 248),
(-1, 117): (6.8, 245),
(-1, 118): (19.1, 229),
(-1, 119): (23.0, 212),
(-1, 120): (8.8, 235),
(-1, 121): (3.6, 276),
(-1, 122): (3.8, 163),
(-1, 123): (12.5, 224),
(-1, 124): (20.8, 210),
(-1, 125): (8.7, 210),
(-1, 126): (23.5, 205),
(-1, 127): (20.5, 195),
(-1, 128): (6.8, 273),
(-1, 129): (25.8, 210),
(0, 90): (31.4, 257),
(0, 91): (32.5, 255),
(0, 92): (33.9, 255),
(0, 93): (32.5, 257),
(0, 94): (30.7, 257),
(0, 95): (25.1, 262),
(0, 96): (22.3, 269),
(0, 97): (21.6, 266),
(0, 98): (14.5, 263),
(0, 99): (4.9, 234),
(0, 100): (2.2, 81),
(0, 101): (3.8, 221),
(0, 102): (1.6, 27),
(0, 103): (2.8, 310),
(0, 104): (4.0, 360),
(0, 105): (6.6, 311),
(0, 106): (6.0, 287),
(0, 107): (4.4, 279),
(0, 108): (2.9, 330),
(0, 109): (8.4, 340),
(0, 110): (1.8, 37),
(0, 111): (1.3, 56),
(0, 112): (3.3, 41),
(0, 113): (3.6, 315),
(0, 114): (1.5, 225),
(0, 115): (3.2, 207),
(0, 116): (7.7, 242),
(0, 117): (12.2, 242),
(0, 118): (22.7, 250),
(0, 119): (27.5, 233),
(0, 120): (12.2, 251),
(0, 121): (16.2, 266),
(0, 122): (15.5, 269),
(0, 123): (11.0, 218),
(0, 124): (15.0, 224),
(0, 125): (24.9, 225),
(0, 126): (25.1, 205),
(0, 127): (22.8, 201),
(0, 128): (10.0, 249),
(0, 129): (20.0, 219),
(1, 90): (31.5, 259),
(1, 91): (33.2, 257),
(1, 92): (31.9, 259),
(1, 93): (31.6, 262),
(1, 94): (29.1, 258),
(1, 95): (22.9, 263),
(1, 96): (19.1, 267),
(1, 97): (15.1, 267),
(1, 98): (5.2, 295),
(1, 99): (4.8, 48),
(1, 100): (1.4, 180),
(1, 101): (2.1, 301),
(1, 102): (4.1, 285),
(1, 103): (4.0, 270),
(1, 104): (11.2, 315),
(1, 105): (9.0, 272),
(1, 106): (3.9, 326),
(1, 107): (6.9, 317),
(1, 108): (8.7, 322),
(1, 109): (8.4, 350),
(1, 110): (3.6, 354),
(1, 111): (2.5, 8),
(1, 112): (2.3, 162),
(1, 113): (2.5, 225),
(1, 114): (5.7, 288),
(1, 115): (2.3, 219),
(1, 116): (2.8, 320),
(1, 117): (9.8, 216),
(1, 118): (9.8, 253),
(1, 119): (13.8, 231),
(1, 120): (33.1, 213),
(1, 121): (1.6, 27),
(1, 122): (5.0, 270),
(1, 123): (19.0, 195),
(1, 124): (4.1, 105),
(1, 125): (10.0, 201),
(1, 126): (28.2, 212),
(1, 127): (27.0, 207),
(1, 128): (11.7, 236),
(1, 129): (21.2, 220),
(2, 90): (28.9, 266),
(2, 91): (31.0, 267),
(2, 92): (29.3, 264),
(2, 93): (29.1, 258),
(2, 94): (20.8, 260),
(2, 95): (16.5, 260),
(2, 96): (13.4, 262),
(2, 97): (10.5, 264),
(2, 98): (9.2, 296),
(2, 99): (1.9, 202),
(2, 100): (3.1, 249),
(2, 101): (2.5, 262),
(2, 102): (7.8, 304),
(2, 103): (1.8, 37),
(2, 104): (3.6, 264),
(2, 105): (10.8, 339),
(2, 106): (8.3, 360),
(2, 107): (9.0, 344),
(2, 108): (9.7, 338),
(2, 109): (9.6, 326),
(2, 110): (9.0, 286),
(2, 111): (3.9, 304),
(2, 112): (1.3, 146),
(2, 113): (0.5, 315),
(2, 114): (2.6, 196),
(2, 115): (4.8, 257),
(2, 116): (4.7, 279),
(2, 117): (5.8, 202),
(2, 118): (6.1, 208),
(2, 119): (31.2, 216),
(2, 120): (27.7, 224),
(2, 121): (29.6, 238),
(2, 122): (22.1, 258),
(2, 123): (20.1, 249),
(2, 124): (23.6, 249),
(2, 125): (23.8, 235),
(2, 126): (22.7, 213),
(2, 127): (31.8, 218),
(2, 128): (17.1, 231),
(2, 129): (20.4, 225),
(3, 90): (24.1, 272),
(3, 91): (25.9, 268),
(3, 92): (24.6, 263),
(3, 93): (23.3, 261),
(3, 94): (16.3, 252),
(3, 95): (8.9, 249),
(3, 96): (4.9, 216),
(3, 97): (6.1, 267),
(3, 98): (2.5, 352),
(3, 99): (5.3, 208),
(3, 100): (3.1, 249),
(3, 101): (8.5, 282),
(3, 102): (3.8, 73),
(3, 103): (1.5, 14),
(3, 104): (11.0, 349),
(3, 105): (11.1, 347),
(3, 106): (8.3, 342),
(3, 107): (8.4, 340),
(3, 108): (7.4, 331),
(3, 109): (7.6, 329),
(3, 110): (10.8, 323),
(3, 111): (10.7, 303),
(3, 112): (5.5, 191),
(3, 113): (2.6, 164),
(3, 114): (1.8, 90),
(3, 115): (1.8, 53),
(3, 116): (6.0, 245),
(3, 117): (2.6, 196),
(3, 118): (16.6, 221),
(3, 119): (25.3, 221),
(3, 120): (25.1, 231),
(3, 121): (25.3, 240),
(3, 122): (25.3, 244),
(3, 123): (27.1, 247),
(3, 124): (27.6, 246),
(3, 125): (30.6, 238),
(3, 126): (30.6, 228),
(3, 127): (33.3, 225),
(3, 128): (37.5, 221),
(3, 129): (19.7, 220),
(4, 90): (16.9, 269),
(4, 91): (15.5, 265),
(4, 92): (17.6, 259),
(4, 93): (17.9, 255),
(4, 94): (14.0, 241),
(4, 95): (7.8, 214),
(4, 96): (3.3, 139),
(4, 97): (5.4, 48),
(4, 98): (3.2, 243),
(4, 99): (3.7, 79),
(4, 100): (10.2, 337),
(4, 101): (3.0, 346),
(4, 102): (2.0, 225),
(4, 103): (2.1, 301),
(4, 104): (8.8, 341),
(4, 105): (8.8, 325),
(4, 106): (8.2, 331),
(4, 107): (7.1, 336),
(4, 108): (5.1, 356),
(4, 109): (7.4, 331),
(4, 110): (8.9, 310),
(4, 111): (9.2, 301),
(4, 112): (8.9, 297),
(4, 113): (6.6, 248),
(4, 114): (4.8, 207),
(4, 115): (3.3, 167),
(4, 116): (6.5, 273),
(4, 117): (2.7, 293),
(4, 118): (15.9, 232),
(4, 119): (22.7, 224),
(4, 120): (25.2, 233),
(4, 121): (27.1, 245),
(4, 122): (31.8, 252),
(4, 123): (31.7, 253),
(4, 124): (32.6, 252),
(4, 125): (35.7, 244),
(4, 126): (34.7, 239),
(4, 127): (37.5, 229),
(4, 128): (40.5, 225),
(4, 129): (40.8, 223),
(5, 90): (13.0, 265),
(5, 91): (10.6, 252),
(5, 92): (12.6, 257),
(5, 93): (13.0, 246),
(5, 94): (11.2, 225),
(5, 95): (18.0, 164),
(5, 96): (2.5, 180),
(5, 97): (1.9, 248),
(5, 98): (8.7, 156),
(5, 99): (2.9, 330),
(5, 100): (13.0, 346),
(5, 101): (3.5, 24),
(5, 102): (1.9, 292),
(5, 103): (4.5, 256),
(5, 104): (9.8, 324),
(5, 105): (8.7, 330),
(5, 106): (5.1, 309),
(5, 107): (3.3, 311),
(5, 108): (3.5, 336),
(5, 109): (4.2, 301),
(5, 110): (7.6, 289),
(5, 111): (10.5, 278),
(5, 112): (10.8, 270),
(5, 113): (9.1, 263),
(5, 114): (12.6, 243),
(5, 115): (7.0, 215),
(5, 116): (6.8, 295),
(5, 117): (7.2, 252),
(5, 118): (3.8, 197),
(5, 119): (13.5, 226),
(5, 120): (18.4, 253),
(5, 121): (33.7, 264),
(5, 122): (35.2, 262),
(5, 123): (35.3, 256),
(5, 124): (34.8, 252),
(5, 125): (36.1, 253),
(5, 126): (42.5, 244),
(5, 127): (44.7, 235),
(5, 128): (41.8, 224),
(5, 129): (43.1, 221),
(6, 90): (13.7, 270),
(6, 91): (12.8, 259),
(6, 92): (11.7, 252),
(6, 93): (12.0, 254),
(6, 94): (11.0, 229),
(6, 95): (20.1, 207),
(6, 96): (12.9, 243),
(6, 97): (3.6, 174),
(6, 98): (7.6, 289),
(6, 99): (11.0, 302),
(6, 100): (6.2, 339),
(6, 101): (2.3, 141),
(6, 102): (3.8, 253),
(6, 103): (8.3, 272),
(6, 104): (13.6, 292),
(6, 105): (6.0, 287),
(6, 106): (5.4, 266),
(6, 107): (4.3, 246),
(6, 108): (4.0, 265),
(6, 109): (6.9, 279),
(6, 110): (9.0, 275),
(6, 111): (10.1, 272),
(6, 112): (11.9, 273),
(6, 113): (13.9, 287),
(6, 114): (15.2, 274),
(6, 115): (19.2, 264),
(6, 116): (19.0, 213),
(6, 117): (3.1, 159),
(6, 118): (7.8, 257),
(6, 119): (27.8, 267),
(6, 120): (37.5, 273),
(6, 121): (36.7, 271),
(6, 122): (20.7, 262),
(6, 123): (33.4, 254),
(6, 124): (26.9, 247),
(6, 125): (29.2, 274),
(6, 126): (36.2, 207),
(6, 127): (53.2, 227),
(6, 128): (47.3, 225),
(6, 129): (44.1, 218),
(7, 90): (17.0, 266),
(7, 91): (12.7, 263),
(7, 92): (13.8, 261),
(7, 93): (13.9, 245),
(7, 94): (2.8, 220),
(7, 95): (17.3, 234),
(7, 96): (21.1, 256),
(7, 97): (22.7, 272),
(7, 98): (18.4, 282),
(7, 99): (10.1, 305),
(7, 100): (2.0, 45),
(7, 101): (4.3, 222),
(7, 102): (12.6, 270),
(7, 103): (14.2, 279),
(7, 104): (14.9, 277),
(7, 105): (10.7, 250),
(7, 106): (7.9, 240),
(7, 107): (6.6, 248),
(7, 108): (5.7, 252),
(7, 109): (6.6, 257),
(7, 110): (10.1, 264),
(7, 111): (9.1, 279),
(7, 112): (14.3, 280),
(7, 113): (18.3, 292),
(7, 114): (20.4, 284),
(7, 115): (20.7, 283),
(7, 116): (23.4, 274),
(7, 117): (23.9, 264),
(7, 118): (38.8, 277),
(7, 119): (37.8, 273),
(7, 120): (39.6, 271),
(7, 121): (36.7, 262),
(7, 122): (27.9, 264),
(7, 123): (31.7, 249),
(7, 124): (28.2, 212),
(7, 125): (6.6, 81),
(7, 126): (26.4, 219),
(7, 127): (40.4, 208),
(7, 128): (50.0, 216),
(7, 129): (46.3, 213),
(8, 90): (15.8, 269),
(8, 91): (13.6, 259),
(8, 92): (11.6, 263),
(8, 93): (13.3, 268),
(8, 94): (14.7, 259),
(8, 95): (11.8, 247),
(8, 96): (16.2, 257),
(8, 97): (15.3, 261),
(8, 98): (8.3, 268),
(8, 99): (6.8, 302),
(8, 100): (2.5, 270),
(8, 101): (11.6, 263),
(8, 102): (8.3, 275),
(8, 103): (10.0, 283),
(8, 104): (10.8, 272),
(8, 105): (11.3, 253),
(8, 106): (6.6, 241),
(8, 107): (7.2, 264),
(8, 108): (6.9, 276),
(8, 109): (9.2, 249),
(8, 110): (9.4, 268),
(8, 111): (13.7, 288),
(8, 112): (18.7, 310),
(8, 113): (21.0, 301),
(8, 114): (22.9, 307),
(8, 115): (23.7, 296),
(8, 116): (26.8, 285),
(8, 117): (30.8, 277),
(8, 118): (35.3, 278),
(8, 119): (37.8, 269),
(8, 120): (35.7, 261),
(8, 121): (38.3, 261),
(8, 122): (31.2, 251),
(8, 123): (6.1, 225),
(8, 124): (15.5, 193),
(8, 125): (10.8, 240),
(8, 126): (13.4, 194),
(8, 127): (24.1, 190),
(8, 128): (41.2, 199),
(8, 129): (45.2, 202),
(9, 90): (14.4, 267),
(9, 91): (13.8, 264),
(9, 92): (11.4, 283),
(9, 93): (8.4, 280),
(9, 94): (10.8, 268),
(9, 95): (12.3, 263),
(9, 96): (11.7, 252),
(9, 97): (10.0, 240),
(9, 98): (4.4, 171),
(9, 99): (1.8, 259),
(9, 100): (3.3, 264),
(9, 101): (1.8, 101),
(9, 102): (5.7, 215),
(9, 103): (1.5, 225),
(9, 104): (2.2, 279),
(9, 105): (2.5, 45),
(9, 106): (3.1, 249),
(9, 107): (4.5, 299),
(9, 108): (8.3, 268),
(9, 109): (9.0, 272),
(9, 110): (10.9, 297),
(9, 111): (16.3, 317),
(9, 112): (20.9, 318),
(9, 113): (22.1, 316),
(9, 114): (25.4, 309),
(9, 115): (27.2, 307),
(9, 116): (29.1, 296),
(9, 117): (31.9, 290),
(9, 118): (7.2, 288),
(9, 119): (33.5, 258),
(9, 120): (34.4, 257),
(9, 121): (39.0, 266),
(9, 122): (35.2, 259),
(9, 123): (33.3, 259),
(9, 124): (41.5, 239),
(9, 125): (38.9, 230),
(9, 126): (10.5, 229),
(9, 127): (25.1, 193),
(9, 128): (38.5, 191),
(9, 129): (42.8, 193),
(10, 90): (11.4, 281),
(10, 91): (9.8, 278),
(10, 92): (10.6, 288),
(10, 93): (8.4, 310),
(10, 94): (5.8, 338),
(10, 95): (5.9, 11),
(10, 96): (0.8, 27),
(10, 97): (3.8, 221),
(10, 98): (5.9, 166),
(10, 99): (2.5, 278),
(10, 100): (5.5, 238),
(10, 101): (7.8, 257),
(10, 102): (6.4, 254),
(10, 103): (2.5, 188),
(10, 104): (3.2, 117),
(10, 105): (5.8, 97),
(10, 106): (2.3, 72),
(10, 107): (3.3, 311),
(10, 108): (6.2, 277),
(10, 109): (8.7, 318),
(10, 110): (14.3, 326),
(10, 111): (16.6, 338),
(10, 112): (19.0, 331),
(10, 113): (22.8, 325),
(10, 114): (26.4, 325),
(10, 115): (28.0, 316),
(10, 116): (32.6, 308),
(10, 117): (33.5, 300),
(10, 118): (32.9, 295),
(10, 119): (13.1, 307),
(10, 120): (28.6, 281),
(10, 121): (38.7, 275),
(10, 122): (32.4, 268),
(10, 123): (7.8, 257),
(10, 124): (28.3, 221),
(10, 125): (39.2, 218),
(10, 126): (20.5, 218),
(10, 127): (42.0, 189),
(10, 128): (36.9, 185),
(10, 129): (42.1, 182),
(11, 90): (7.6, 341),
(11, 91): (6.3, 301),
(11, 92): (8.1, 283),
(11, 93): (5.6, 310),
(11, 94): (0.5, 315),
(11, 95): (2.6, 56),
(11, 96): (5.7, 72),
(11, 97): (5.0, 90),
(11, 98): (6.9, 118),
(11, 99): (3.0, 76),
(11, 100): (8.6, 292),
(11, 101): (7.9, 240),
(11, 102): (6.7, 216),
(11, 103): (7.0, 145),
(11, 104): (1.5, 76),
(11, 105): (2.9, 120),
(11, 106): (3.4, 72),
(11, 107): (3.1, 45),
(11, 108): (2.5, 262),
(11, 109): (6.6, 45),
(11, 110): (16.7, 6),
(11, 111): (15.9, 357),
(11, 112): (21.1, 346),
(11, 113): (25.3, 349),
(11, 114): (26.4, 334),
(11, 115): (28.0, 328),
(11, 116): (30.9, 324),
(11, 117): (32.6, 315),
(11, 118): (32.6, 311),
(11, 119): (32.6, 303),
(11, 120): (18.3, 286),
(11, 121): (28.7, 278),
(11, 122): (20.9, 268),
(11, 123): (23.2, 213),
(11, 124): (25.7, 224),
(11, 125): (26.9, 244),
(11, 126): (43.3, 216),
(11, 127): (50.0, 204),
(11, 128): (45.7, 182),
(11, 129): (43.7, 176),
(12, 90): (3.9, 326),
(12, 91): (2.9, 277),
(12, 92): (7.2, 288),
(12, 93): (3.9, 248),
(12, 94): (5.2, 214),
(12, 95): (3.3, 229),
(12, 96): (1.1, 288),
(12, 97): (1.1, 360),
(12, 98): (4.4, 99),
(12, 99): (2.3, 108),
(12, 100): (3.1, 315),
(12, 101): (4.3, 204),
(12, 102): (6.7, 164),
(12, 103): (2.7, 67),
(12, 104): (3.4, 198),
(12, 105): (2.5, 172),
(12, 106): (2.5, 98),
(12, 107): (1.1, 198),
(12, 108): (1.0, 45),
(12, 109): (5.5, 23),
(12, 110): (20.9, 357),
(12, 111): (22.8, 5),
(12, 112): (24.7, 8),
(12, 113): (25.6, 4),
(12, 114): (28.4, 348),
(12, 115): (31.1, 340),
(12, 116): (31.6, 337),
(12, 117): (30.9, 332),
(12, 118): (31.1, 318),
(12, 119): (27.1, 306),
(12, 120): (19.3, 299),
(12, 121): (39.0, 302),
(12, 122): (22.0, 272),
(12, 123): (59.4, 271),
(12, 124): (52.5, 261),
(12, 125): (35.2, 227),
(12, 126): (70.8, 201),
(12, 127): (61.1, 200),
(12, 128): (51.8, 180),
(12, 129): (48.2, 168),
(13, 90): (2.0, 135),
(13, 91): (0.5, 315),
(13, 92): (1.8, 307),
(13, 93): (2.2, 171),
(13, 94): (6.9, 231),
(13, 95): (5.8, 263),
(13, 96): (5.5, 247),
(13, 97): (3.6, 233),
(13, 98): (5.7, 145),
(13, 99): (3.1, 54),
(13, 100): (2.2, 360),
(13, 101): (6.2, 144),
(13, 102): (1.5, 284),
(13, 103): (1.5, 256),
(13, 104): (13.0, 95),
(13, 105): (4.4, 125),
(13, 106): (2.3, 141),
(13, 107): (1.8, 180),
(13, 108): (1.1, 180),
(13, 109): (2.1, 59),
(13, 110): (21.3, 349),
(13, 111): (22.6, 14),
(13, 112): (21.5, 18),
(13, 113): (27.6, 12),
(13, 114): (31.7, 357),
(13, 115): (32.4, 357),
(13, 116): (32.8, 351),
(13, 117): (36.4, 352),
(13, 118): (34.8, 344),
(13, 119): (29.0, 328),
(13, 120): (28.9, 309),
(13, 121): (1.1, 252),
(13, 122): (34.4, 265),
(13, 123): (69.3, 266),
(13, 124): (69.6, 260),
(13, 125): (102.6, 225),
(13, 126): (90.9, 197),
(13, 127): (80.0, 188),
(13, 128): (60.1, 171),
(13, 129): (50.8, 164),
(14, 90): (8.2, 23),
(14, 91): (4.8, 117),
(14, 92): (1.0, 135),
(14, 93): (4.2, 239),
(14, 94): (8.3, 268),
(14, 95): (8.8, 279),
(14, 96): (9.2, 281),
(14, 97): (7.2, 207),
(14, 98): (6.5, 124),
(14, 99): (1.8, 233),
(14, 100): (1.9, 338),
(14, 101): (2.7, 67),
(14, 102): (0.8, 63),
(14, 103): (2.9, 60),
(14, 104): (0.5, 135),
(14, 105): (3.1, 111),
(14, 106): (1.8, 143),
(14, 107): (1.1, 360),
(14, 108): (5.1, 51),
(14, 109): (1.5, 284),
(14, 110): (20.6, 6),
(14, 111): (18.1, 17),
(14, 112): (21.0, 39),
(14, 113): (23.2, 28),
(14, 114): (30.0, 10),
(14, 115): (31.6, 8),
(14, 116): (36.0, 360),
(14, 117): (38.2, 359),
(14, 118): (35.6, 360),
(14, 119): (33.2, 345),
(14, 120): (27.0, 329),
(14, 121): (16.1, 320),
(14, 122): (17.1, 288),
(14, 123): (29.5, 292),
(14, 124): (105.2, 313),
(14, 125): (46.9, 211),
(14, 126): (119.0, 172),
(14, 127): (80.4, 163),
(14, 128): (62.2, 159),
(14, 129): (53.8, 154),
(15, 90): (6.6, 351),
(15, 91): (6.9, 332),
(15, 92): (5.4, 312),
(15, 93): (7.4, 293),
(15, 94): (9.8, 287),
(15, 95): (11.6, 277),
(15, 96): (8.7, 318),
(15, 97): (7.6, 245),
(15, 98): (4.1, 128),
(15, 99): (1.8, 259),
(15, 100): (2.3, 162),
(15, 101): (1.4, 360),
(15, 102): (2.3, 18),
(15, 103): (3.1, 54),
(15, 104): (2.1, 31),
(15, 105): (2.5, 8),
(15, 106): (3.3, 139),
(15, 107): (2.5, 278),
(15, 108): (6.3, 24),
(15, 109): (2.9, 300),
(15, 110): (17.6, 31),
(15, 111): (20.2, 39),
(15, 112): (24.4, 44),
(15, 113): (29.0, 35),
(15, 114): (33.5, 25),
(15, 115): (38.4, 13),
(15, 116): (39.2, 13),
(15, 117): (44.2, 9),
(15, 118): (46.2, 5),
(15, 119): (44.3, 7),
(15, 120): (25.6, 2),
(15, 121): (8.7, 315),
(15, 122): (28.6, 306),
(15, 123): (81.8, 354),
(15, 124): (100.9, 18),
(15, 125): (112.6, 74),
(15, 126): (105.8, 127),
(15, 127): (79.4, 141),
(15, 128): (63.7, 142),
(15, 129): (55.4, 146),
(16, 90): (8.3, 360),
(16, 91): (7.7, 332),
(16, 92): (8.1, 302),
(16, 93): (10.4, 284),
(16, 94): (10.3, 299),
(16, 95): (1.5, 14),
(16, 96): (6.6, 331),
(16, 97): (13.0, 360),
(16, 98): (2.3, 162),
(16, 99): (3.1, 111),
(16, 100): (4.9, 126),
(16, 101): (1.1, 90),
(16, 102): (4.1, 45),
(16, 103): (3.2, 27),
(16, 104): (2.6, 34),
(16, 105): (2.9, 30),
(16, 106): (1.9, 68),
(16, 107): (5.1, 45),
(16, 108): (0.8, 297),
(16, 109): (9.7, 39),
(16, 110): (16.8, 55),
(16, 111): (20.9, 54),
(16, 112): (25.5, 47),
(16, 113): (28.3, 41),
(16, 114): (31.1, 30),
(16, 115): (38.1, 31),
(16, 116): (41.1, 16),
(16, 117): (45.9, 20),
(16, 118): (51.1, 17),
(16, 119): (54.9, 12),
(16, 120): (14.5, 30),
(16, 121): (14.6, 33),
(16, 122): (22.3, 329),
(16, 123): (75.3, 14),
(16, 124): (81.4, 41),
(16, 125): (86.1, 67),
(16, 126): (77.3, 97),
(16, 127): (69.6, 116),
(16, 128): (60.0, 123),
(16, 129): (52.6, 127),
(17, 90): (19.1, 32),
(17, 91): (12.8, 22),
(17, 92): (8.6, 345),
(17, 93): (8.7, 318),
(17, 94): (7.4, 321),
(17, 95): (0.5, 45),
(17, 96): (4.7, 67),
(17, 97): (8.0, 108),
(17, 98): (2.6, 214),
(17, 99): (1.6, 207),
(17, 100): (6.5, 146),
(17, 101): (3.1, 36),
(17, 102): (2.6, 146),
(17, 103): (2.2, 270),
(17, 104): (2.1, 59),
(17, 105): (1.9, 68),
(17, 106): (2.0, 45),
(17, 107): (5.4, 98),
(17, 108): (15.5, 91),
(17, 109): (18.3, 68),
(17, 110): (19.5, 60),
(17, 111): (24.1, 52),
(17, 112): (24.8, 50),
(17, 113): (28.8, 46),
(17, 114): (33.5, 30),
(17, 115): (39.5, 20),
(17, 116): (41.4, 21),
(17, 117): (46.5, 20),
(17, 118): (51.7, 27),
(17, 119): (57.5, 26),
(17, 120): (52.5, 16),
(17, 121): (14.3, 80),
(17, 122): (23.7, 338),
(17, 123): (63.8, 19),
(17, 124): (66.8, 48),
(17, 125): (72.0, 69),
(17, 126): (68.9, 86),
(17, 127): (63.8, 97),
(17, 128): (57.5, 104),
(17, 129): (51.9, 109),
(18, 90): (27.2, 15),
(18, 91): (21.5, 14),
(18, 92): (13.0, 360),
(18, 93): (6.4, 344),
(18, 94): (5.1, 4),
(18, 95): (2.5, 360),
(18, 96): (2.7, 113),
(18, 97): (1.3, 236),
(18, 98): (1.8, 169),
(18, 99): (2.9, 83),
(18, 100): (1.8, 79),
(18, 101): (3.6, 84),
(18, 102): (3.0, 76),
(18, 103): (1.1, 108),
(18, 104): (0.8, 63),
(18, 105): (2.7, 23),
(18, 106): (2.2, 261),
(18, 107): (11.2, 111),
(18, 108): (13.6, 101),
(18, 109): (14.8, 87),
(18, 110): (26.6, 50),
(18, 111): (24.2, 62),
(18, 112): (25.2, 56),
(18, 113): (29.0, 44),
(18, 114): (32.4, 24),
(18, 115): (34.9, 22),
(18, 116): (36.5, 22),
(18, 117): (43.4, 24),
(18, 118): (51.0, 34),
(18, 119): (53.5, 35),
(18, 120): (60.8, 33),
(18, 121): (7.4, 47),
(18, 122): (14.3, 56),
(18, 123): (56.3, 35),
(18, 124): (60.4, 48),
(18, 125): (61.0, 68),
(18, 126): (61.5, 82),
(18, 127): (56.9, 91),
(18, 128): (52.9, 97),
(18, 129): (49.4, 98),
(19, 90): (27.7, 9),
(19, 91): (24.6, 6),
(19, 92): (19.2, 6),
(19, 93): (7.2, 354),
(19, 94): (1.5, 104),
(19, 95): (0.0, 270),
(19, 96): (1.4, 90),
(19, 97): (2.9, 83),
(19, 98): (1.3, 146),
(19, 99): (0.5, 135),
(19, 100): (2.3, 198),
(19, 101): (2.8, 140),
(19, 102): (5.4, 110),
(19, 103): (2.2, 9),
(19, 104): (5.6, 40),
(19, 105): (1.1, 90),
(19, 106): (6.9, 129),
(19, 107): (2.7, 67),
(19, 108): (5.5, 32),
(19, 109): (1.8, 101),
(19, 110): (1.1, 18),
(19, 111): (22.1, 53),
(19, 112): (24.2, 53),
(19, 113): (28.8, 43),
(19, 114): (31.1, 30),
(19, 115): (34.9, 31),
(19, 116): (36.2, 31),
(19, 117): (39.0, 32),
(19, 118): (47.3, 37),
(19, 119): (52.6, 49),
(19, 120): (53.6, 41),
(19, 121): (54.7, 44),
(19, 122): (41.5, 45),
(19, 123): (56.1, 41),
(19, 124): (56.2, 52),
(19, 125): (54.6, 61),
(19, 126): (53.8, 76),
(19, 127): (52.4, 85),
(19, 128): (50.1, 92),
(19, 129): (47.0, 96),
(20, 90): (26.3, 360),
(20, 91): (25.2, 1),
(20, 92): (22.7, 359),
(20, 93): (4.1, 15),
(20, 94): (3.7, 29),
(20, 95): (3.0, 284),
(20, 96): (2.2, 171),
(20, 97): (0.5, 45),
(20, 98): (1.5, 346),
(20, 99): (2.5, 188),
(20, 100): (0.4, 270),
(20, 101): (1.9, 202),
(20, 102): (1.0, 315),
(20, 103): (3.6, 135),
(20, 104): (3.6, 53),
(20, 105): (3.9, 146),
(20, 106): (1.3, 326),
(20, 107): (18.9, 66),
(20, 108): (22.8, 74),
(20, 109): (22.9, 82),
(20, 110): (11.2, 90),
(20, 111): (11.4, 55),
(20, 112): (23.8, 52),
(20, 113): (25.8, 50),
(20, 114): (30.1, 43),
(20, 115): (33.1, 38),
(20, 116): (35.8, 34),
(20, 117): (31.6, 32),
(20, 118): (38.7, 36),
(20, 119): (50.2, 48),
(20, 120): (52.6, 49),
(20, 121): (53.2, 44),
(20, 122): (56.5, 44),
(20, 123): (56.3, 47),
(20, 124): (55.2, 50),
(20, 125): (51.3, 56),
(20, 126): (48.0, 66),
(20, 127): (45.5, 79),
(20, 128): (45.4, 89),
(20, 129): (43.1, 97),
(21, 90): (23.4, 360),
(21, 91): (23.8, 357),
(21, 92): (25.3, 4),
(21, 93): (3.2, 360),
(21, 94): (3.7, 11),
(21, 95): (2.3, 39),
(21, 96): (4.5, 331),
(21, 97): (3.8, 253),
(21, 98): (0.8, 153),
(21, 99): (1.5, 76),
(21, 100): (1.4, 360),
(21, 101): (4.7, 122),
(21, 102): (4.0, 80),
(21, 103): (2.6, 56),
(21, 104): (1.8, 90),
(21, 105): (2.6, 124),
(21, 106): (4.2, 121),
(21, 107): (9.5, 81),
(21, 108): (11.6, 54),
(21, 109): (15.2, 59),
(21, 110): (6.1, 62),
(21, 111): (12.5, 51),
(21, 112): (17.3, 54),
(21, 113): (19.3, 53),
(21, 114): (23.5, 50),
(21, 115): (28.8, 47),
(21, 116): (32.1, 43),
(21, 117): (33.3, 31),
(21, 118): (29.5, 22),
(21, 119): (34.7, 42),
(21, 120): (48.3, 55),
(21, 121): (53.8, 49),
(21, 122): (50.0, 41),
(21, 123): (49.7, 48),
(21, 124): (50.8, 54),
(21, 125): (49.4, 55),
(21, 126): (46.8, 59),
(21, 127): (43.2, 69),
(21, 128): (39.0, 78),
(21, 129): (38.2, 91),
(22, 90): (7.2, 333),
(22, 91): (13.7, 337),
(22, 92): (18.4, 360),
(22, 93): (3.2, 63),
(22, 94): (5.1, 266),
(22, 95): (3.2, 297),
(22, 96): (3.1, 315),
(22, 97): (3.1, 306),
(22, 98): (2.6, 236),
(22, 99): (0.8, 27),
(22, 100): (1.8, 101),
(22, 101): (2.6, 124),
(22, 102): (3.7, 79),
(22, 103): (2.9, 90),
(22, 104): (4.2, 70),
(22, 105): (2.7, 157),
(22, 106): (3.5, 66),
(22, 107): (3.1, 54),
(22, 108): (3.2, 63),
(22, 109): (8.1, 13),
(22, 110): (1.8, 11),
(22, 111): (1.8, 349),
(22, 112): (3.1, 339),
(22, 113): (2.4, 27),
(22, 114): (5.8, 30),
(22, 115): (15.5, 59),
(22, 116): (27.3, 50),
(22, 117): (33.4, 42),
(22, 118): (35.2, 31),
(22, 119): (27.9, 14),
(22, 120): (14.8, 342),
(22, 121): (42.3, 45),
(22, 122): (45.8, 44),
(22, 123): (43.8, 48),
(22, 124): (43.0, 51),
(22, 125): (41.9, 55),
(22, 126): (43.3, 63),
(22, 127): (39.1, 63),
(22, 128): (36.2, 69),
(22, 129): (35.4, 78),
(23, 90): (4.6, 321),
(23, 91): (4.0, 333),
(23, 92): (1.9, 292),
(23, 93): (2.9, 90),
(23, 94): (8.0, 280),
(23, 95): (4.1, 15),
(23, 96): (5.8, 356),
(23, 97): (3.8, 139),
(23, 98): (2.4, 63),
(23, 99): (3.9, 124),
(23, 100): (2.5, 172),
(23, 101): (3.9, 112),
(23, 102): (6.1, 140),
(23, 103): (7.6, 177),
(23, 104): (2.1, 149),
(23, 105): (5.5, 122),
(23, 106): (5.0, 120),
(23, 107): (2.9, 60),
(23, 108): (4.6, 39),
(23, 109): (13.6, 11),
(23, 110): (8.4, 20),
(23, 111): (5.1, 4),
(23, 112): (3.6, 360),
(23, 113): (12.2, 360),
(23, 114): (1.8, 37),
(23, 115): (3.4, 32),
(23, 116): (1.1, 360),
(23, 117): (15.3, 39),
(23, 118): (34.3, 39),
(23, 119): (37.7, 21),
(23, 120): (26.7, 5),
(23, 121): (10.7, 70),
(23, 122): (36.5, 31),
(23, 123): (36.4, 48),
(23, 124): (38.1, 53),
(23, 125): (38.2, 60),
(23, 126): (37.2, 63),
(23, 127): (36.5, 68),
(23, 128): (35.7, 68),
(23, 129): (32.5, 69),
(24, 90): (5.4, 307),
(24, 91): (4.0, 297),
(24, 92): (1.9, 292),
(24, 93): (3.9, 112),
(24, 94): (4.2, 239),
(24, 95): (0.8, 63),
(24, 96): (3.4, 328),
(24, 97): (1.8, 101),
(24, 98): (0.4, 180),
(24, 99): (4.1, 322),
(24, 100): (1.5, 104),
(24, 101): (2.3, 162),
(24, 102): (2.5, 172),
(24, 103): (2.5, 90),
(24, 104): (7.3, 169),
(24, 105): (5.4, 42),
(24, 106): (1.8, 360),
(24, 107): (5.2, 34),
(24, 108): (5.6, 15),
(24, 109): (9.1, 7),
(24, 110): (4.3, 336),
(24, 111): (7.8, 22),
(24, 112): (4.1, 315),
(24, 113): (6.8, 335),
(24, 114): (6.8, 335),
(24, 115): (9.8, 17),
(24, 116): (5.1, 278),
(24, 117): (5.6, 320),
(24, 118): (3.6, 354),
(24, 119): (43.4, 30),
(24, 120): (41.7, 17),
(24, 121): (3.4, 252),
(24, 122): (21.3, 26),
(24, 123): (28.2, 51),
(24, 124): (33.3, 64),
(24, 125): (34.0, 66),
(24, 126): (33.2, 64),
(24, 127): (31.5, 68),
(24, 128): (32.6, 70),
(24, 129): (32.7, 76),
(25, 90): (5.5, 302),
(25, 91): (3.0, 284),
(25, 92): (1.1, 108),
(25, 93): (7.7, 11),
(25, 94): (6.2, 339),
(25, 95): (5.7, 305),
(25, 96): (0.8, 207),
(25, 97): (4.3, 318),
(25, 98): (1.0, 45),
(25, 99): (1.8, 101),
(25, 100): (1.8, 307),
(25, 101): (4.5, 119),
(25, 102): (1.8, 349),
(25, 103): (3.6, 127),
(25, 104): (7.0, 145),
(25, 105): (4.8, 13),
(25, 106): (4.8, 347),
(25, 107): (4.7, 356),
(25, 108): (3.2, 360),
(25, 109): (5.1, 4),
(25, 110): (9.7, 45),
(25, 111): (10.5, 31),
(25, 112): (4.7, 4),
(25, 113): (7.6, 360),
(25, 114): (2.1, 329),
(25, 115): (10.2, 350),
(25, 116): (11.3, 333),
(25, 117): (4.8, 333),
(25, 118): (4.2, 31),
(25, 119): (12.8, 40),
(25, 120): (45.8, 13),
(25, 121): (53.7, 35),
(25, 122): (7.1, 120),
(25, 123): (24.3, 69),
(25, 124): (27.4, 63),
(25, 125): (27.6, 73),
(25, 126): (27.8, 77),
(25, 127): (26.4, 76),
(25, 128): (25.6, 76),
(25, 129): (28.2, 79),
(26, 90): (3.1, 315),
(26, 91): (3.1, 159),
(26, 92): (6.3, 156),
(26, 93): (1.1, 18),
(26, 94): (1.8, 259),
(26, 95): (1.8, 11),
(26, 96): (4.1, 52),
(26, 97): (4.3, 95),
(26, 98): (5.8, 86),
(26, 99): (0.8, 243),
(26, 100): (1.6, 243),
(26, 101): (3.8, 253),
(26, 102): (0.8, 153),
(26, 103): (2.7, 203),
(26, 104): (6.0, 73),
(26, 105): (5.0, 90),
(26, 106): (7.3, 33),
(26, 107): (7.1, 49),
(26, 108): (8.6, 345),
(26, 109): (7.8, 22),
(26, 110): (5.6, 310),
(26, 111): (6.0, 65),
(26, 112): (5.4, 352),
(26, 113): (10.8, 356),
(26, 114): (5.5, 349),
(26, 115): (13.3, 347),
(26, 116): (11.4, 11),
(26, 117): (5.5, 349),
(26, 118): (2.7, 23),
(26, 119): (3.6, 53),
(26, 120): (23.0, 32),
(26, 121): (40.0, 48),
(26, 122): (26.6, 63),
(26, 123): (27.5, 58),
(26, 124): (20.6, 57),
(26, 125): (17.1, 68),
(26, 126): (19.5, 85),
(26, 127): (18.1, 83),
(26, 128): (18.0, 91),
(26, 129): (18.8, 97),
(27, 90): (3.9, 338),
(27, 91): (7.1, 330),
(27, 92): (7.3, 11),
(27, 93): (5.6, 15),
(27, 94): (2.5, 352),
(27, 95): (1.4, 180),
(27, 96): (3.3, 311),
(27, 97): (5.8, 97),
(27, 98): (7.2, 87),
(27, 99): (1.8, 307),
(27, 100): (6.3, 294),
(27, 101): (4.0, 185),
(27, 102): (3.9, 214),
(27, 103): (12.0, 21),
(27, 104): (8.2, 41),
(27, 105): (6.1, 357),
(27, 106): (4.5, 331),
(27, 107): (9.4, 32),
(27, 108): (4.0, 63),
(27, 109): (4.0, 350),
(27, 110): (5.4, 318),
(27, 111): (1.6, 63),
(27, 112): (15.9, 13),
(27, 113): (13.6, 12),
(27, 114): (2.5, 360),
(27, 115): (13.0, 355),
(27, 116): (5.4, 360),
(27, 117): (8.0, 324),
(27, 118): (4.8, 318),
(27, 119): (3.0, 14),
(27, 120): (4.1, 75),
(27, 121): (34.5, 37),
(27, 122): (40.3, 32),
(27, 123): (38.0, 28),
(27, 124): (21.5, 38),
(27, 125): (14.7, 36),
(27, 126): (9.9, 57),
(27, 127): (9.4, 83),
(27, 128): (7.3, 101),
(27, 129): (15.3, 131),
(28, 90): (10.2, 23),
(28, 91): (4.0, 297),
(28, 92): (5.1, 39),
(28, 93): (7.2, 53),
(28, 94): (3.9, 338),
(28, 95): (4.7, 337),
(28, 96): (4.6, 51),
(28, 97): (7.5, 17),
(28, 98): (11.5, 39),
(28, 99): (0.7, 90),
(28, 100): (4.9, 306),
(28, 101): (4.3, 228),
(28, 102): (4.1, 75),
(28, 103): (6.1, 40),
(28, 104): (4.0, 27),
(28, 105): (3.1, 216),
(28, 106): (2.9, 187),
(28, 107): (3.2, 27),
(28, 108): (4.6, 39),
(28, 109): (5.4, 352),
(28, 110): (10.2, 8),
(28, 111): (3.6, 37),
(28, 112): (11.7, 342),
(28, 113): (18.5, 352),
(28, 114): (3.1, 315),
(28, 115): (5.0, 30),
(28, 116): (8.0, 352),
(28, 117): (6.0, 335),
(28, 118): (9.3, 344),
(28, 119): (4.9, 36),
(28, 120): (7.1, 345),
(28, 121): (2.4, 117),
(28, 122): (38.7, 18),
(28, 123): (37.1, 8),
(28, 124): (32.6, 6),
(28, 125): (25.9, 1),
(28, 126): (7.2, 342),
(28, 127): (11.2, 6),
(28, 128): (3.1, 36),
(28, 129): (15.6, 157),
(29, 90): (10.7, 147),
(29, 91): (6.1, 130),
(29, 92): (9.1, 162),
(29, 93): (3.1, 135),
(29, 94): (3.3, 221),
(29, 95): (5.3, 332),
(29, 96): (9.2, 26),
(29, 97): (7.3, 33),
(29, 98): (5.0, 21),
(29, 99): (13.0, 224),
(29, 100): (3.7, 349),
(29, 101): (4.6, 141),
(29, 102): (13.4, 239),
(29, 103): (3.8, 41),
(29, 104): (4.8, 243),
(29, 105): (3.0, 256),
(29, 106): (2.9, 173),
(29, 107): (2.5, 172),
(29, 108): (4.7, 81),
(29, 109): (3.3, 77),
(29, 110): (3.6, 6),
(29, 111): (4.2, 31),
(29, 112): (10.8, 345),
(29, 113): (16.2, 356),
(29, 114): (7.6, 357),
(29, 115): (4.9, 17),
(29, 116): (10.4, 346),
(29, 117): (11.8, 340),
(29, 118): (2.3, 51),
(29, 119): (9.4, 67),
(29, 120): (5.1, 8),
(29, 121): (6.3, 329),
(29, 122): (19.5, 348),
(29, 123): (35.8, 343),
(29, 124): (30.3, 347),
(29, 125): (24.7, 339),
(29, 126): (21.1, 343),
(29, 127): (12.8, 280),
(29, 128): (8.4, 280),
(29, 129): (6.6, 209),
(30, 90): (9.0, 178),
(30, 91): (5.8, 248),
(30, 92): (5.6, 63),
(30, 93): (5.9, 76),
(30, 94): (4.2, 149),
(30, 95): (3.6, 186),
(30, 96): (3.4, 212),
(30, 97): (12.5, 224),
(30, 98): (12.5, 224),
(30, 99): (10.2, 225),
(30, 100): (11.6, 196),
(30, 101): (6.3, 204),
(30, 102): (11.9, 267),
(30, 103): (3.4, 238),
(30, 104): (2.5, 315),
(30, 105): (5.4, 4),
(30, 106): (3.9, 338),
(30, 107): (2.6, 196),
(30, 108): (2.1, 31),
(30, 109): (3.3, 131),
(30, 110): (3.1, 126),
(30, 111): (1.9, 68),
(30, 112): (9.8, 332),
(30, 113): (10.6, 350),
(30, 114): (8.6, 338),
(30, 115): (4.4, 325),
(30, 116): (6.6, 13),
(30, 117): (11.9, 25),
(30, 118): (5.4, 360),
(30, 119): (3.7, 29),
(30, 120): (3.3, 49),
(30, 121): (6.4, 317),
(30, 122): (17.4, 322),
(30, 123): (28.7, 325),
(30, 124): (30.3, 330),
(30, 125): (23.9, 323),
(30, 126): (24.8, 319),
(30, 127): (21.4, 319),
(30, 128): (23.1, 267),
(30, 129): (20.6, 254),
(31, 90): (4.7, 337),
(31, 91): (7.6, 278),
(31, 92): (8.0, 207),
(31, 93): (10.8, 184),
(31, 94): (13.7, 194),
(31, 95): (1.8, 259),
(31, 96): (13.4, 174),
(31, 97): (11.1, 205),
(31, 98): (8.2, 221),
(31, 99): (9.3, 164),
(31, 100): (12.5, 231),
(31, 101): (8.7, 210),
(31, 102): (4.0, 207),
(31, 103): (7.6, 301),
(31, 104): (2.8, 320),
(31, 105): (1.5, 315),
(31, 106): (4.1, 15),
(31, 107): (5.5, 349),
(31, 108): (3.4, 58),
(31, 109): (4.0, 95),
(31, 110): (7.3, 81),
(31, 111): (4.0, 90),
(31, 112): (2.2, 261),
(31, 113): (1.1, 270),
(31, 114): (8.2, 337),
(31, 115): (8.2, 345),
(31, 116): (6.6, 49),
(31, 117): (7.8, 347),
(31, 118): (7.1, 345),
(31, 119): (6.3, 336),
(31, 120): (5.9, 322),
(31, 121): (7.6, 352),
(31, 122): (14.0, 337),
(31, 123): (25.6, 357),
(31, 124): (25.2, 2),
(31, 125): (21.7, 313),
(31, 126): (23.7, 324),
(31, 127): (25.5, 312),
(31, 128): (24.2, 285),
(31, 129): (31.0, 288),
(32, 90): (9.8, 242),
(32, 91): (22.1, 240),
(32, 92): (9.3, 216),
(32, 93): (5.4, 312),
(32, 94): (5.2, 65),
(32, 95): (8.0, 153),
(32, 96): (3.3, 174),
(32, 97): (2.8, 130),
(32, 98): (4.0, 280),
(32, 99): (7.6, 183),
(32, 100): (5.0, 201),
(32, 101): (2.5, 8),
(32, 102): (4.8, 167),
(32, 103): (3.8, 131),
(32, 104): (1.8, 270),
(32, 105): (4.8, 333),
(32, 106): (5.2, 12),
(32, 107): (5.8, 7),
(32, 108): (5.1, 356),
(32, 109): (8.5, 36),
(32, 110): (3.6, 217),
(32, 111): (1.3, 236),
(32, 112): (1.8, 259),
(32, 113): (2.6, 286),
(32, 114): (2.5, 8),
(32, 115): (4.4, 351),
(32, 116): (5.7, 325),
(32, 117): (8.0, 355),
(32, 118): (8.5, 348),
(32, 119): (8.0, 342),
(32, 120): (7.6, 352),
(32, 121): (11.9, 346),
(32, 122): (25.2, 360),
(32, 123): (34.8, 13),
(32, 124): (34.4, 6),
(32, 125): (32.3, 14),
(32, 126): (31.1, 5),
(32, 127): (22.5, 16),
(32, 128): (24.3, 339),
(32, 129): (31.0, 273),
(33, 90): (10.2, 212),
(33, 91): (5.8, 158),
(33, 92): (9.0, 182),
(33, 93): (9.5, 205),
(33, 94): (0.7, 90),
(33, 95): (3.1, 216),
(33, 96): (3.3, 193),
(33, 97): (4.0, 297),
(33, 98): (7.2, 198),
(33, 99): (2.6, 196),
(33, 100): (2.2, 99),
(33, 101): (6.5, 124),
(33, 102): (4.3, 90),
(33, 103): (1.5, 315),
(33, 104): (4.8, 222),
(33, 105): (4.8, 312),
(33, 106): (6.6, 9),
(33, 107): (0.5, 135),
(33, 108): (2.9, 120),
(33, 109): (6.6, 29),
(33, 110): (4.8, 13),
(33, 111): (5.4, 318),
(33, 112): (4.3, 312),
(33, 113): (0.5, 225),
(33, 114): (2.8, 230),
(33, 115): (3.3, 257),
(33, 116): (4.2, 329),
(33, 117): (7.9, 330),
(33, 118): (6.4, 322),
(33, 119): (8.9, 339),
(33, 120): (11.5, 346),
(33, 121): (13.7, 358),
(33, 122): (27.0, 3),
(33, 123): (22.8, 12),
(33, 124): (25.7, 6),
(33, 125): (31.9, 11),
(33, 126): (40.0, 8),
(33, 127): (36.4, 360),
(33, 128): (30.2, 345),
(33, 129): (26.8, 327),
(34, 90): (6.7, 164),
(34, 91): (6.5, 214),
(34, 92): (5.6, 195),
(34, 93): (0.8, 153),
(34, 94): (6.1, 130),
(34, 95): (7.2, 177),
(34, 96): (5.8, 112),
(34, 97): (3.9, 158),
(34, 98): (7.3, 189),
(34, 99): (4.0, 185),
(34, 100): (3.8, 41),
(34, 101): (8.8, 168),
(34, 102): (4.4, 145),
(34, 103): (7.0, 69),
(34, 104): (0.5, 225),
(34, 105): (3.8, 287),
(34, 106): (4.4, 351),
(34, 107): (4.8, 27),
(34, 108): (1.8, 360),
(34, 109): (2.3, 162),
(34, 110): (1.9, 292),
(34, 111): (3.7, 241),
(34, 112): (6.6, 189),
(34, 113): (10.2, 312),
(34, 114): (2.3, 162),
(34, 115): (3.2, 243),
(34, 116): (3.4, 288),
(34, 117): (3.2, 297),
(34, 118): (6.2, 280),
(34, 119): (6.1, 320),
(34, 120): (7.4, 317),
(34, 121): (19.9, 343),
(34, 122): (22.0, 359),
(34, 123): (27.0, 2),
(34, 124): (19.1, 1),
(34, 125): (31.0, 360),
(34, 126): (32.6, 353),
(34, 127): (31.2, 338),
(34, 128): (26.9, 335),
(34, 129): (32.9, 344),
(35, 90): (10.3, 216),
(35, 91): (6.8, 205),
(35, 92): (6.4, 196),
(35, 93): (1.8, 270),
(35, 94): (7.4, 194),
(35, 95): (4.2, 59),
(35, 96): (4.5, 166),
(35, 97): (4.2, 149),
(35, 98): (4.4, 81),
(35, 99): (6.6, 135),
(35, 100): (3.8, 197),
(35, 101): (8.7, 138),
(35, 102): (3.5, 114),
(35, 103): (2.5, 180),
(35, 104): (2.1, 31),
(35, 105): (3.3, 41),
(35, 106): (1.6, 333),
(35, 107): (3.5, 336),
(35, 108): (4.6, 231),
(35, 109): (6.0, 327),
(35, 110): (2.3, 321),
(35, 111): (1.5, 166),
(35, 112): (4.7, 238),
(35, 113): (8.6, 237),
(35, 114): (7.0, 282),
(35, 115): (3.7, 209),
(35, 116): (4.0, 190),
(35, 117): (3.6, 264),
(35, 118): (2.9, 277),
(35, 119): (4.7, 302),
(35, 120): (14.4, 328),
(35, 121): (17.9, 335),
(35, 122): (18.6, 350),
(35, 123): (23.0, 1),
(35, 124): (26.7, 2),
(35, 125): (29.9, 357),
(35, 126): (31.3, 352),
(35, 127): (4.8, 333),
(35, 128): (13.8, 15),
(35, 129): (28.5, 335),
(36, 90): (0.8, 333),
(36, 91): (5.9, 191),
(36, 92): (3.8, 311),
(36, 93): (1.8, 270),
(36, 94): (1.8, 90),
(36, 95): (1.4, 90),
(36, 96): (1.6, 153),
(36, 97): (1.8, 101),
(36, 98): (5.9, 166),
(36, 99): (5.4, 94),
(36, 100): (6.2, 216),
(36, 101): (5.0, 150),
(36, 102): (4.2, 110),
(36, 103): (4.0, 355),
(36, 104): (2.9, 240),
(36, 105): (3.2, 243),
(36, 106): (1.1, 270),
(36, 107): (4.3, 294),
(36, 108): (3.0, 346),
(36, 109): (4.0, 275),
(36, 110): (0.8, 117),
(36, 111): (6.9, 321),
(36, 112): (2.4, 27),
(36, 113): (1.5, 225),
(36, 114): (1.4, 270),
(36, 115): (2.9, 7),
(36, 116): (1.3, 34),
(36, 117): (2.2, 261),
(36, 118): (4.3, 318),
(36, 119): (2.4, 243),
(36, 120): (7.6, 335),
(36, 121): (14.7, 329),
(36, 122): (16.7, 327),
(36, 123): (16.3, 335),
(36, 124): (20.3, 348),
(36, 125): (26.1, 340),
(36, 126): (26.2, 339),
(36, 127): (3.4, 32),
(36, 128): (6.5, 289),
(36, 129): (12.1, 287),
(37, 90): (9.4, 238),
(37, 91): (3.1, 126),
(37, 92): (6.2, 277),
(37, 93): (7.7, 242),
(37, 94): (12.8, 292),
(37, 95): (7.1, 255),
(37, 96): (3.9, 56),
(37, 97): (6.8, 328),
(37, 98): (5.2, 102),
(37, 99): (5.5, 32),
(37, 100): (8.4, 320),
(37, 101): (2.4, 63),
(37, 102): (2.1, 211),
(37, 103): (1.8, 180),
(37, 104): (8.7, 265),
(37, 105): (4.8, 207),
(37, 106): (2.9, 180),
(37, 107): (4.4, 279),
(37, 108): (2.3, 288),
(37, 109): (3.0, 284),
(37, 110): (1.9, 292),
(37, 111): (2.3, 51),
(37, 112): (11.5, 194),
(37, 113): (4.0, 85),
(37, 114): (6.1, 242),
(37, 115): (5.7, 55),
(37, 116): (5.8, 22),
(37, 117): (4.8, 257),
(37, 118): (10.9, 278),
(37, 119): (13.6, 287),
(37, 120): (7.1, 300),
(37, 121): (3.5, 294),
(37, 122): (8.6, 303),
(37, 123): (21.7, 313),
(37, 124): (20.8, 326),
(37, 125): (25.7, 323),
(37, 126): (26.7, 313),
(37, 127): (3.4, 328),
(37, 128): (4.2, 239),
(37, 129): (9.3, 306),
(38, 90): (7.7, 233),
(38, 91): (4.0, 63),
(38, 92): (6.2, 234),
(38, 93): (7.9, 294),
(38, 94): (8.0, 355),
(38, 95): (8.2, 49),
(38, 96): (7.4, 337),
(38, 97): (7.0, 339),
(38, 98): (0.7, 180),
(38, 99): (2.5, 352),
(38, 100): (3.4, 238),
(38, 101): (5.4, 138),
(38, 102): (11.2, 225),
(38, 103): (4.3, 180),
(38, 104): (4.6, 198),
(38, 105): (2.6, 214),
(38, 106): (10.5, 254),
(38, 107): (5.2, 236),
(38, 108): (7.2, 267),
(38, 109): (3.9, 236),
(38, 110): (2.5, 352),
(38, 111): (3.6, 45),
(38, 112): (7.1, 311),
(38, 113): (9.4, 272),
(38, 114): (8.1, 238),
(38, 115): (1.1, 90),
(38, 116): (7.2, 354),
(38, 117): (6.0, 327),
(38, 118): (8.6, 303),
(38, 119): (9.8, 294),
(38, 120): (28.2, 293),
(38, 121): (16.6, 270),
(38, 122): (25.3, 287),
(38, 123): (28.8, 302),
(38, 124): (22.1, 298),
(38, 125): (20.4, 302),
(38, 126): (4.5, 331),
(38, 127): (6.3, 283),
(38, 128): (7.3, 237),
(38, 129): (21.7, 265),
(39, 90): (4.1, 165),
(39, 91): (5.1, 315),
(39, 92): (5.4, 274),
(39, 93): (10.7, 346),
(39, 94): (8.7, 5),
(39, 95): (10.2, 48),
(39, 96): (5.8, 180),
(39, 97): (5.9, 191),
(39, 98): (5.2, 205),
(39, 99): (5.9, 227),
(39, 100): (11.4, 246),
(39, 101): (6.1, 332),
(39, 102): (3.2, 297),
(39, 103): (3.1, 291),
(39, 104): (1.1, 198),
(39, 105): (2.2, 189),
(39, 106): (9.9, 161),
(39, 107): (3.4, 108),
(39, 108): (3.8, 287),
(39, 109): (8.6, 272),
(39, 110): (7.6, 265),
(39, 111): (4.1, 232),
(39, 112): (11.4, 204),
(39, 113): (8.4, 115),
(39, 114): (3.3, 139),
(39, 115): (4.9, 306),
(39, 116): (4.0, 100),
(39, 117): (9.6, 13),
(39, 118): (28.4, 338),
(39, 119): (25.7, 323),
(39, 120): (29.5, 308),
(39, 121): (29.9, 311),
(39, 122): (12.3, 302),
(39, 123): (21.6, 300),
(39, 124): (24.8, 298),
(39, 125): (23.7, 316),
(39, 126): (2.4, 243),
(39, 127): (6.6, 261),
(39, 128): (22.3, 252),
(39, 129): (33.1, 271),
